24547716891568736039331953881960695747866983115763953509920989829943410568888297579670978976850434986607735657518097750200288948848928708332818326511458594614992219923728231580631379246894704425813401
33080163512461249657872519617696820268825611899451978140461443401013444645445031010690564455888855305030866455836887218846516773399018716066506396538425349257405145258058529665793837952202892788653201
23508492933933075732385223476331043892923231303412987985034393673079849758280020232732461852113573231845819348237654229188476341827866739785657289094808827989159194564121982639060868232507325296576025
29697874803926833577992392633403175878871907087143487474776952221255790892439110626410129460115070619591448757478437614229245530671005997537417494503661042147072601261765764989326399607727452675784704
23527987188454385256260869918500746308018589430822085935174807163317553689879337517952381923878387682655626173955132391892816951967093425193045529649203108160810960290803207624110805186291630370613201
23547391461436479973429869931217133734981877711155643139208944045472019078251267177109648126468602140330438919623833444654917873852422959442585821020137566029696966337138835516891932727218303776642704
23576318738210958069109052775889056591861407074888035262952148652981635332862054771273947197827518318542902307782419812644742978383925193080877756054968191050066694645076220188262535335119775894853409
31928772356302349004376045821950710399682859031712757392979434616136291118469168722029092892084839416340782137484829859179173839227565030474716915273177940080696802506241543197565399136850187587784704
23566415446529332129246464733465976360278574122518016511265654839050644419658228089866884657095341697247367888131078122500283040589362334397021620786623838168634813288453588943197507583286638980572201
31939630267466591901745173744070561562382102578789296340421349667010689977420381222498675270906918586383624254502737607774203293367448655209289362909794472089065627775903887094205336329799210022016409
33125839606326063722937249300364622186263297655483714633376665572078308195406086562611544935436023178025330630689678321095169082374693114589692695503037276150719530476484485859686578083413725682762304
23566225159914100027952484781290376204596229614785712107201438617138211382871752654601924329844649486863750293999833294618647805185103214933642287332328027168782283798452533421696290435537186171325504
30807993107685062473007891795619401601893827681804118080064569073757396800970493764601262896060198058516609084875529760718539079890847169516542611948016440952309202128459244840148538021590387292933801
33045773716254512239072837164439505896965909034588307535911344397116950640189323782133642212715366067458059583106572868371771944898527676955045551347574776006182771559909899689633416738925710427926916
29785014119303952849691901508949618905154662598395346325306888319422837044883405890747381762510514850100893901922250374526849833828187576944902577756692616345788701510213740795690963249683584009663504
25558031206770192554749201684661622738714927256108711527082000375132798089279893548395449624147386995561882658844824038742011688713908702804341813984676795576355676214466319490711703900616642552954009
28617523117088027342441172767565359734159377288076712525507003361390875905113562495049803195216515754342931424751268306881246402805590621504908688823488923945862433392615580239387773636667274677896409
28617103715198306060078081071137759313577107319535318317193474838794755477787036970736726342980340502656240992761689769068100546707543886871614144112775058542364558382757214025332301281663914504642704
28649312467818468843769943433885669649299839998183884507670068875138712896319433510890480585106103201015906231304808110708768896145192956280665980412433120869035274828158339100567883889633678395918849
29784256570242726600883386585312064569241448152315932979041432223277569085416436964291407567815199648809602650369655990297776489311560252759089425692889942146783228354753300949091310556302574688731536
27546702436567262482153057326021661448165922388381248910143614669827354422936777281288344273224417236728105458626586932177641486072141569583319271706402327391501862701682968644166033789997496907774025
31950702602882654299918395619190231939811741321537497474480259380039658630536629449782815348289125158709461076473671902347260755359004314011590304068435962594683217215430203518472737310498919725382916
28628547429799133983335856875725839006876875848249742520243458504556661578588386372667547940080488220192623972594443811691915941702848041622271927060154532317989458822889050084852749587694512392651601
28606400439272517262088077306151352410925583654457869572717518376632057443777043811711699409977034771309652930393789962048586594330369574913529061394168551808749168428453082074794649996452949122703049
28681863837786351295280594168059711967679013717575796792381051496310507844415583326471852866278011693552825773524900959109513377842457044944499437419567572953295814730226003915197132806692946265566736
27558044583660660708917946266244405065532469809861922243574448205424160638773361078853578696209854600019849596051737565702606642797121460471775224453364306370914155061316159810484704267966944212382116
31917474551228328508098677861661937845996589921144990730344285036624688520548192097261787354170120657207237170616825472344479703559217153217858630032958279341348475020384152696564217469618162297127936
26600581505208083467566681007683575808209285659383243467528839205442017548745575756863685926773162674271196941125324225129684302466642438823677446012049486903434213431324482332842263460149025609763904
31905617281155474914940167813372705536558715383334184169584424994455367455425618548435990774919035875976621063628614377771266147080160192874092620235461681057454960062239488178488588463717310069322304
30841973677333588988896478123932372509875772539147230390331068865156691840933931609294794400910000791696016337041751597643732387828276008702456167007668911927251314871287597933881964582249578255323136
28606612207659642277806148071448542738985131506914775931415743588012166476061746493581433144188004790710339775778912238271759592842273002058719987303775895618080034639808031120412362204585887463851536
24527998690093975705323956013552149315824829803622437399801795307092876352991689501379217216112583742546148290471478178387952811135322642408759254297309835763950491642781026761594029039134381939406736
23527793137413922156490708795234485575450233483260803767552196402774656674960397093400845438038452719362916641715168215652591604082587390983350684216775271297488906590328776378701459682405056769697449
24567634298918902171744893317772315118194408782860337696431071701083158050536222086333192502587871075802002405586653852736778215672010273322195215275452198381078222566653445344425065791308609308871201
31951604679549382091050899057934688667001085766089880175233221402700618993275271827780761021697548958686824603364629405617983691429670820865263679389409580185183231231184527211957725995903562794714609
23595457391890392688921320918361894431434323988129161927100020818297058356529481981107230904434746972379712554445935112725110078900131701799000356502564463355408570043618769034432119022127523283571801
29784471672351209354006916998238071672818488594493470757218916683684083916931632231306138431276793917144284858491511603882627832698030515534633354105773179313262012163449354934152704730574451272562500
31917025977997633262567692168163000563805936262838113970064223645972291244298039131312435948800942949548544608032908788616428653549638704047648596903327561735613855352479315799897637563132643361702500
30875087379374015455889240027593183410157775761204730691366102684254251088965140141615133457553482236908373747147107398483579258638082476440591416428969431915664611296821383335277784223572279373977009
29719562612554828031978078007080420312641208492779369083978063137616449666729596399169928824858086534846893510450400169933347656668048151142566280133076828504111396688246413959881922323993176221767936
24566942325394830938187775655580506159257235261916924697859890241787041313930655116960087699144438752956638278569022300927254678299602496855231190356960166514158755391611728509798043592949193704954009
25568345446961966103839981514765629921488805107440340007652853861515963454604377143927622754752372578359477222241752309410698378687875293216818082444189794879471942771157954569617657631469619078572201
24566744056283511043069263363273223914587267128246844803327027538731380810753698113925896449402038015191726331097147846544887404106371372110355808884189362835710636939259599312225326071350830370612201
29784257717289319297149518622587437895709650634937908988132816713424722161370586562192646435580513676170958787523278469086273427994647717229828179298322351682534648194485510685961552379085118343831401
26600580401907828596072810678473704218811769537324534853367659659213091098531378128678541249273277856182481277076114386607850792328995596134471871637154813689595776836575199808591026093195777735813401
29686320691107362386525932785688943336674750870328820412612149521272903995206954353258005707530578929960520325757498414589979003939131024579975947925566568937886655196948256352219410627271580396651601
25527914449636026627967501946435524263753072603722066780161646468888856896367989207773577128263188676230040725915733647395116084859811374803013126945297208711062229559544381185160743598779261777562500
23575830273095734213927251158672794564475157492925528937395435144755911994934169005462422748220817149815947732634130267424026990164142863574365438683135005309918442803361052605224177695461886030452025
25517803345696264607977758763990603222842058784252907582202221203955206439406616986385675159695140159546357562588660413297011797118820939770859629824696838174583230775745571640787016340408137597150449
28681967788902552559715190239233000807746505155195311394184854709228574453041129564543328630323366444337269425276560197359819888145703751909934286235945049164318078618642134888685036550484878222016409
30831091957386077166477096690858844065482571309936824522641186409675599884195886475735044624341892999906944425393666824169972515716729661277931520703471851992770735758065694034815957217731321278501904
23595653548203660707316608397424159478906018911220353428895399380798645197441017137685008631226218532612500647571622567427743320006109350978087603181446672284659499674217775233020056742973762895892209
23586321201768681436709638384173265168109279450388053111076362953863056038117477037648804111279163948327636491749284222586697904697756602148006744129224366104179218226995215471279780528072827266086916
26568925388280550895835073897909964493397895121373348159713185359053790847249706220302293236638284682834847842478420740364654224252064577982411300823802775525227531771282034976158284874884631523215025
28638609495079232368284360951851471835469379061116718159685359731831011865647126104387530920243878270544427944850395745723272252967185212065303502935396844820074192980500003348215527406066898465600249
33125613933700888657839609506507323796801663133533204844613290388791855176259689360919135977756375985519057804981086592651518268255219351302614012194643244501174786560842964794241583719904267843807716
26569238834781516558766059945579850812252580081951301362028255757132431233793900390299393040879368262361705236143669056519607858432422370515287396319226916515154442260684420057706504451388574446287716
29784689974226235614515512791694351921989276913255667105510012211924272510770257948175995501012298036914996852839161413130445736604433153129182920317406778049672554375741672457407869290877128972720704
33079584968698495898393252660487218228047967431860207523878149336449118212082998131825407345297396468028114552089686774926476629824817551544787686047060214391622259285826884283701502435498793242957025
24497704194985365787950416357782752985813163313259195246399957373946089882424301061548058357833212954519289152774079742428738774052050084926213423807398955877906597308323481640979664625078131057552201
29686323873368485860463071042764311005272707867061249631498911661442289888660113269956023382996248577502550306092743032508570361567654681495419825617057725125925719866193335956343889285172242386472601
33126076676584259370470318168302289363139047256526705767549323182029370610606268555292705106194394014039465404188553475333304340322880142815286466885915359650671501775955163409275607806847554751807716
25537917368812510827962239152067071682160290774175802312064535380008787836978896742067566398813930929380149000851627996024527593499148995871401175844932426224228736589814023120740401569340200887562500
27641892543589990742547676527167427395009941679278696619864708560409292845527860679716266915156825540797962177986105307763362560257470028012466112057358828385955379400731553513569744015827446878892809
25568041096225963912644011300047120318084387045051843854724627379084362243182904564007783210385212261025468237411694435633181086542432730194234354250276627254906263174506102355526132719562739803517009
33046120905971446550963886663502928685290732217876327863878761061651002603854592947800542353925108527667134268204950976595411501806391019111377601443422225137126958389370268409439920469355909952522304
33149668136721762538201371578341954813236690949559324042665343965121230674448923494919122673391854928211111462265320144270481843924358764303938752322944147522386648157205633949751900468632671622184336
27589122387283284598571688899228273727518306997429244907724666669851378221815280174867534180276674287044266866880135334658468105290139907822404029755880195260677605372017634274532490336820446656257449
33126076676471508853521997186746506819340162083891744742245275875875837294210641640744240765453804274453919271705672761540995148122200394385803389458488855889259233273754990230043438702823942039476025
33103167901590572935268979659254345040146753666098702742923768525736377538602016059964721585771803352693436925612034929361240425753151659878528845835546632991576791492801960456782923299163738931157025
25568449682472939425145953445453264448178718893330555637145457221485138433367546655185512614771595513660743178428271248554132605862816767036275594811141451334464992657291646491520199742616691358033801
25568544765768362762809153914628414513500993146036125837137672535239673232826025395007110076489783536316345599805656215978897508757007435779909854724060086275697693017774317150221788420961409555452801
28606825090288636639463519633215164247693160596044215127570987960208211573340697826817182172961841828702685885802391616818338268778574018320680091335294780839574239732395463289607879800914582513022116
26538422569351579469206338353056170663833315181000936332378386229041670975134295908877228245188258885685321040497802264915587121095566329011434665380623437361809305946309123210429823520980701982824704
26548932844910648930275590838553424308895558531938698445536768524653315452305536042157093147575775523756889754930562392707794078049400772860026433378419115775623269158508052496797265073025314824802500
31905955063264270591006624401301354787098886383125351212532297195012197416156874179430456196501514672730902031708547280866270277389316917762209756440356353869174737486903012271583639936234619491830336
33045542555694188153091498792763850187531975055360173156276492621738637171858633032516338309428769159669225476453180405331978930948600848485327940932289772813323692312799923523100580545620672369532001
30830649962882568790279747068221464913071906144066391063033494723023551675758545979317295797487705480275662332221655063538803841943173806939029153946058990685692206659782278240735169675168471797150449
33114911943106989186916973902226144944942497237247785558681973248104360673153677664339648959534935654223168504005897771062143518360932578532426431411404810056593539286788945426548985659058327306764304
29763187871567716235749593184269316606687580133209499812683263376672792074114400488414938917022540024026855460191123617488776696140779358508157252761014588867965811138393745310715685780510079233922500
24537805749190922727655648962960572027128421216978083078262420146224924599193009042134546264055808726126103937521691634583287398011314230679995571359622304237868823681683079824711167088593343972056049
31916793275213962002060725723346928835113491451946072652278402815442133532013603622057257965532009136017908145022209659578465872709354091115707945361736513807311422921070238724936714743791251083512401
26527601305387142294604548891785968489754100307900146395121011511964393940271356209840034233684104851071457349869547541293187009759953881532678489214869786068808290932612320273764764084058695900258025
27599844882250658008063153560649785052126700691400137885242349872392862411830003136400562196425827022843888510987687317544152127928149421581305921177165728143456583835336295280903976585622490366916049
24517698405591303128088002192599718801558427233862506819575366407681477707852336917568878066347252781539623961566615860512277876080302356155547067624822351845353613211396069993545471434009798497704336
28606615428001667449861262837697267306967110009711608704828846184881191957506745574075723886888255649894662190772451722146463121294818179141610872290534194967021233391023249542586517438191123661196049
25517707296182233556547769358316088877363584848144306119128143941864558146118763541681376779070555213662123326541951357255542227100123551969664009843546961436043666801112011682145916976396379352322704
30830649996076736588460518169340656312821814040811845604547647186188017065772755657536824782895315871941055703009290214077808378528233178918699805824090441032701087300739258265411673641266906647500304
29763078759604706648620584315690663520380107706432664638578982490672166777801231750330388163851104374706771176033587786500391040014633517461653482713886267791213435350628437694522176129179979733517009
26558619531854883097418545504011277881033356439817077278088829123517088561849079904783341285714947660251229223040929440468292579207759074251561827606608942315177757443658308613511162466135252161522500
26517916240176517166205393760523673675264814484615243115925175369979109876766117370764011865541399019564892277918474532016951191848428351257766503855640878003920022057548409827987947997979057385802304
24498097237497729757645904994736719311593400509540329563219280343340302551296473072156487149222954996286750830346585487220605649304927233204790768198315491323576011136374836429745286258357400670512801
26599961507015904925068083049710637736201036066885431164451838803889137968526526967601015700401447355196762535447293688902154861091573515321926064986592358682730027092170580099457558062434910678474025
30786130280803197059436197553738314081339373969734572425740968435785936185052550307529910380185223236968054972970228426260689254770888357079609234944489449918571694705996022908240477922630024328084516
29762543005033184353365406231496841838961734552917638246651835734500008728070490620376350815093006678079810852781261601837766350715037024825403273673342210320049481442509334271954092947451514790411849
24497503274369974571981214397621541276413601700752899562574675770716078437956426553207737710642293995278836177125527204324366701144701661615252717122273390098028811274497168782073641214507993983558025
28606297715946379838158567204972117851590092127512955206819757817629337307221209701599401830821809237212540751792596215426141331440843753018173797292388846917852916274350000866899633380222764875776049
30808669162339702224674840948979255552995907957060067108479971053471992696715434122086535852153297362308444677778768435098677050067001167624915769934127791728299551693137194576938894208332354790411849
30875527403874769283758548342159664508790118490919522565225443293500491021775422047260286249197511170393943579393458043558042409133267264349466871397563676047222448266184704530103187167543038975492601
26537801316886474890518323720737454331810490122477248243782279612328250805100240360119737223569106019524360584854178889502523060093830319911251934536048741421069727073135068656676940580183864676493409
30819764656271861124868762087250891294364162846013454762201336653253447528549048784691017733930669968451221703473046130740378535297502919599551911214816574691955848874231236527807709962391407346686916
27546703475663366187074804814229702175792413728505669948661228274826530565888484278277319576811792794736604266664065221121279497052596443154580707918155942116012218745966889261079442195597410172502500
24507305245568064397278342571329239531800881818024922419021768988669411985184839121475288239085322879712288774424516987189978511249940399237503734331793467899541653610345696629100278194775641047314649
33092123221115023058087442177499252791346914273156256167300743339691536050063801125076931112558948944413885849487020244704979154217900627809376673622326613201790463903924264456602971758803803200592801
23527307134166309190044864628006855028172101186498409227431627284331261015395735150641750531782142671828260655978868941547004997800661311927976741191215387000555843271309265188689213849263902481492001
31973765484436190277272940573987755256882145361301099422599948504687697702665691499712344596308024792113359986822987232862856964917750346312992567182332334370698685332785946639781427989032985699683904
23517697314761050832750626865330098014342869554857040583062124860509714272224027528169287526762585609223160003594968808430598731846820687996954855333012817242716728983905267648998200087828495837131536
31905834105183338752521566810724070700130293551727989269059318937725142451302428714279287398460502791989353118989094855538033078716848706105954556284966419048733747302288308105602912762416753182321936
33091549116579867704182363568220392408774252557235693584067705672549600964338543767127468172537959780782301652790560873887134822724472490454195904563709164725710104275001386400102758882437756472911001
27547014208668514817012087184324369820709566083543037751712253501157491410796882726857252023597476131124468081733229211664947520873777078562827304659447048841678726112041450228476558491815636490892809
26558821549141608875769268978769797842592824017671766580317930257230533012436404884136880586536030667554369320842212395276383216672001716529170459946308414684529324413771995363510058239456017260463104
28649312510536759961344126428628902833619969225138989030697515577778511196076745880618812215570008875392521777816378408639337164527771394619535435409488734575910836261019993586110467792026759782640704
23518282149094895308550215684845440360176690555533997540912439616597353004984613712019305510557025058515228845948870472990522256710953082096459722789203198160436679537440485829222415301686281797562500
25528512690996357236896598540250860260649584390865261760214648801356648760123134491383830955006313003564599306555365310865151867681841796255529600336470324441862357919868141791668823297113045752522500
25558034270710782924745293266633412520060655186003718088864963255619396099278543011228438386439523379388428129863366260304519799610948858096502420146628444167023924515284833552995146529044860721592809
29773341499060065600594957680917953609421050563994233441718567497556556797145569053798575016545381075441020043919523152038396216403389843022146325206710088774164443196969530137756300686540356935802500
29751631923899287713108609959234064888517677429112682425421478356868129926486818632185728167515694119003099895367137002558058016242827355275010259674256870653259346741366814144792129754602158072283136
27557722218874563714036596080483743868999724425281741970405894114936119052095103972005738679858609752677138880388733607584164207980957260356219854529156640743036883576952049989364901776248334370460736
25557927114437355892356488201374389747727676031744990326330786619118095511106277538638929428858751881700878625594627099393680215086415841784725886840102272796574908646844207494588378598813634903503104
25507406366357412064711640209965452942868760892214017331876011056453054095153282654312221712760998900000150427306764814701970446089256530897357631084798888885782016534070830347589156181261403191592809
28617205344905232659811937869439257425520459396252626414682090785257268414959443803253325244355455304709207546445275891367421781814980619064199895235932358813617014203695444198130283231342019627721316
27578620428798304373199965904452293847386032259257319211787364802625915368629825765554723887940424436972818783421365372284575091139972150965267311414830688867233958608542324251620301053699775073715809
25557935193004755557855929778692286481991280858391623487717592512106024744405936975385452612254866976073203045141293560325655888488800917422467978490483148020604720428518513165625429632775993443476049
28649529844390256347578010540929200606795192244001154434160132688401226328521546586121739659138464702067854997666645723976289812402030214633268165811722084022170008316979075322682398537126076044434649
33045195334873949954592267255591181457251427959574138121053591490170806304798851184644786690734294533109497211732101836518686864527331433139964565499159513542610933502328612577177422571385825318853409
2657933763860490569712219145229808669968093164043362931710180859372436242468635647430171539472301293609778413175854346216875796114933215026950725472648697410990398857102400865356379760748341109403671464208872093333734400
